49: ([array([[[1104,  719]]], dtype=int32), array([[[643, 719]],

       [[644, 719]]], dtype=int32), array([[[1101,  718]],

       [[1102,  719]],

       [[1102,  718]]], dtype=int32), array([[[954, 718]],

       [[955, 717]],

       [[956, 718]],

       [[955, 719]]], dtype=int32), array([[[677, 718]]], dtype=int32), array([[[962, 714]],

       [[963, 713]],

       [[964, 714]],

       [[963, 715]]], dtype=int32), array([[[948, 714]],

       [[948, 715]],

       [[949, 716]],

       [[949, 715]]], dtype=int32), array([[[333, 714]],

       [[329, 718]],

       [[327, 718]],

       [[326, 719]],

       [[321, 719]],

       [[349, 719]],

       [[348, 718]],

       [[347, 718]],

       [[346, 717]],

       [[342, 717]],

       [[341, 716]],

       [[339, 716]],

       [[339, 717]],

       [[338, 718]],

       [[336, 716]],

       [[336, 715]],

       [[335, 714]]], dtype=int32), array([[[1079,  710]],

       [[1079,  713]]], dtype=int32), array([[[1055,  708]]], dtype=int32), array([[[953, 708]],

       [[954, 707]],

       [[955, 708]],

       [[954, 709]]], dtype=int32), array([[[676, 708]],

       [[675, 709]],

       [[674, 709]],

       [[675, 710]],

       [[676, 710]],

       [[677, 711]],

       [[677, 712]],

       [[678, 713]],

       [[678, 712]],

       [[679, 711]],

       [[679, 708]]], dtype=int32), array([[[666, 708]],

       [[666, 712]],

       [[665, 713]],

       [[665, 716]],

       [[664, 717]],

       [[662, 715]],

       [[662, 714]],

       [[661, 715]],

       [[661, 716]],

       [[659, 718]],

       [[657, 716]],

       [[656, 716]],

       [[655, 715]],

       [[655, 716]],

       [[654, 717]],

       [[654, 718]],

       [[653, 719]],

       [[652, 719]],

       [[650, 717]],

       [[649, 717]],

       [[648, 718]],

       [[648, 719]],

       [[667, 719]],

       [[668, 718]],

       [[671, 718]],

       [[672, 717]],

       [[672, 713]],

       [[671, 713]],

       [[670, 712]],

       [[670, 711]],

       [[669, 710]],

       [[669, 709]],

       [[667, 709]]], dtype=int32), array([[[955, 706]],

       [[956, 705]],

       [[958, 707]],

       [[957, 708]],

       [[956, 708]],

       [[955, 707]]], dtype=int32), array([[[947, 706]]], dtype=int32), array([[[670, 705]]], dtype=int32), array([[[823, 704]],

       [[824, 704]],

       [[825, 705]],

       [[824, 706]],

       [[821, 706]],

       [[822, 706]],

       [[823, 707]],

       [[823, 708]],

       [[824, 709]],

       [[824, 710]],

       [[825, 711]],

       [[825, 713]],

       [[826, 714]],

       [[826, 715]],

       [[827, 716]],

       [[827, 717]],

       [[828, 718]],

       [[828, 719]],

       [[839, 719]],

       [[839, 718]],

       [[837, 716]],

       [[837, 713]],

       [[834, 710]],

       [[834, 709]],

       [[832, 707]],

       [[831, 708]],

       [[830, 707]],

       [[830, 706]],

       [[828, 706]],

       [[827, 705]],

       [[826, 705]],

       [[825, 704]]], dtype=int32), array([[[679, 703]],

       [[679, 704]],

       [[680, 704]],

       [[681, 705]],

       [[681, 706]],

       [[685, 710]],

       [[686, 710]],

       [[687, 711]],

       [[688, 711]],

       [[691, 714]],

       [[691, 715]],

       [[692, 716]],

       [[692, 717]],

       [[693, 718]],

       [[693, 719]],

       [[697, 719]],

       [[696, 718]],

       [[696, 717]],

       [[692, 713]],

       [[692, 712]],

       [[691, 712]],

       [[690, 711]],

       [[689, 711]],

       [[686, 708]],

       [[685, 708]],

       [[680, 703]]], dtype=int32), array([[[619, 703]],

       [[620, 702]],

       [[626, 708]],

       [[626, 710]],

       [[623, 713]],

       [[623, 715]],

       [[622, 716]],

       [[621, 716]],

       [[620, 715]],

       [[618, 715]],

       [[616, 717]],

       [[614, 717]],

       [[612, 715]],

       [[612, 714]],

       [[613, 713]],

       [[613, 712]],

       [[612, 711]],

       [[612, 708]],

       [[614, 706]],

       [[615, 706]],

       [[618, 703]]], dtype=int32), array([[[1110,  702]]], dtype=int32), array([[[951, 702]],

       [[952, 701]],

       [[953, 702]],

       [[953, 703]],

       [[952, 704]],

       [[951, 703]]], dtype=int32), array([[[666, 702]],

       [[665, 703]],

       [[665, 705]],

       [[666, 704]],

       [[666, 703]],

       [[667, 702]],

       [[669, 702]]], dtype=int32), array([[[623, 702]],

       [[624, 701]],

       [[625, 702]],

       [[624, 703]]], dtype=int32), array([[[636, 700]],

       [[637, 699]],

       [[639, 701]],

       [[638, 702]],

       [[638, 703]],

       [[637, 704]],

       [[636, 703]]], dtype=int32), array([[[1130,  699]],

       [[1130,  701]],

       [[1131,  701]],

       [[1130,  700]]], dtype=int32), array([[[1108,  692]],

       [[1109,  692]]], dtype=int32), array([[[1046,  692]],

       [[1046,  693]],

       [[1045,  694]],

       [[1046,  693]]], dtype=int32), array([[[640, 692]]], dtype=int32), array([[[643, 690]],

       [[642, 691]],

       [[642, 692]],

       [[645, 695]],

       [[645, 697]],

       [[646, 698]],

       [[646, 702]],

       [[645, 703]],

       [[643, 703]],

       [[641, 701]],

       [[641, 700]],

       [[640, 699]],

       [[640, 698]],

       [[639, 697]],

       [[637, 697]],

       [[636, 696]],

       [[637, 695]],

       [[638, 695]],

       [[637, 694]],

       [[637, 693]],

       [[635, 693]],

       [[634, 694]],

       [[630, 694]],

       [[629, 695]],

       [[627, 695]],

       [[630, 695]],

       [[631, 694]],

       [[633, 694]],

       [[634, 695]],

       [[634, 704]],

       [[632, 706]],

       [[631, 706]],

       [[630, 705]],

       [[630, 704]],

       [[629, 703]],

       [[629, 702]],

       [[628, 702]],

       [[626, 700]],

       [[626, 697]],

       [[624, 697]],

       [[623, 698]],

       [[622, 698]],

       [[620, 700]],

       [[619, 700]],

       [[613, 706]],

       [[613, 707]],

       [[611, 709]],

       [[610, 709]],

       [[609, 710]],

       [[609, 711]],

       [[607, 713]],

       [[607, 717]],

       [[606, 718]],

       [[606, 719]],

       [[606, 718]],

       [[607, 717]],

       [[607, 716]],

       [[608, 715]],

       [[608, 714]],

       [[609, 713]],

       [[609, 712]],

       [[611, 710]],

       [[612, 711]],

       [[612, 716]],

       [[613, 716]],

       [[614, 717]],

       [[616, 717]],

       [[617, 716]],

       [[618, 716]],

       [[619, 717]],

       [[619, 719]],

       [[620, 719]],

       [[619, 718]],

       [[619, 717]],

       [[620, 716]],

       [[622, 716]],

       [[623, 717]],

       [[623, 719]],

       [[625, 719]],

       [[626, 718]],

       [[627, 718]],

       [[629, 716]],

       [[629, 715]],

       [[630, 714]],

       [[631, 714]],

       [[632, 715]],

       [[634, 715]],

       [[634, 712]],

       [[636, 710]],

       [[637, 711]],

       [[638, 711]],

       [[639, 712]],

       [[640, 712]],

       [[640, 711]],

       [[641, 710]],

       [[641, 709]],

       [[642, 708]],

       [[644, 710]],

       [[646, 710]],

       [[646, 708]],

       [[647, 707]],

       [[648, 707]],

       [[650, 709]],

       [[653, 709]],

       [[654, 708]],

       [[655, 708]],

       [[656, 709]],

       [[659, 709]],

       [[659, 708]],

       [[660, 707]],

       [[660, 706]],

       [[657, 703]],

       [[658, 702]],

       [[658, 698]],

       [[656, 696]],

       [[656, 697]],

       [[655, 698]],

       [[655, 699]],

       [[654, 700]],

       [[654, 702]],

       [[653, 703]],

       [[648, 703]],

       [[646, 701]],

       [[647, 700]],

       [[647, 699]],

       [[648, 698]],

       [[648, 697]],

       [[649, 696]],

       [[649, 694]],

       [[650, 693]],

       [[650, 692]],

       [[651, 691]],

       [[649, 691]],

       [[649, 692]],

       [[646, 695]],

       [[645, 694]],

       [[645, 690]]], dtype=int32), array([[[935, 687]]], dtype=int32), array([[[628, 686]],

       [[629, 686]]], dtype=int32), array([[[631, 685]],

       [[632, 685]]], dtype=int32), array([[[1070,  684]],

       [[1072,  684]]], dtype=int32), array([[[1122,  683]],

       [[1122,  686]],

       [[1123,  686]],

       [[1124,  687]],

       [[1124,  690]],

       [[1125,  691]],

       [[1125,  692]],

       [[1126,  693]],

       [[1127,  693]],

       [[1128,  694]],

       [[1128,  695]],

       [[1128,  694]],

       [[1125,  691]],

       [[1125,  689]],

       [[1124,  688]],

       [[1124,  687]],

       [[1123,  686]],

       [[1123,  683]]], dtype=int32), array([[[1076,  683]]], dtype=int32), array([[[795, 680]],

       [[794, 681]],

       [[794, 682]],

       [[795, 683]],

       [[795, 684]],

       [[797, 686]],

       [[797, 689]],

       [[798, 690]],

       [[798, 693]],

       [[801, 696]],

       [[800, 695]],

       [[800, 691]],

       [[799, 690]],

       [[799, 689]],

       [[798, 688]],

       [[798, 685]],

       [[797, 684]],

       [[797, 682]],

       [[796, 681]],

       [[796, 680]]], dtype=int32), array([[[1080,  679]]], dtype=int32), array([[[1120,  678]]], dtype=int32), array([[[1066,  676]]], dtype=int32), array([[[1061,  674]],

       [[1060,  675]],

       [[1058,  675]],

       [[1059,  676]],

       [[1060,  676]],

       [[1062,  674]]], dtype=int32), array([[[1115,  671]],

       [[1116,  671]]], dtype=int32), array([[[1066,  671]],

       [[1064,  673]],

       [[1064,  674]],

       [[1067,  671]]], dtype=int32), array([[[1113,  667]]], dtype=int32), array([[[920, 667]]], dtype=int32), array([[[1067,  664]],

       [[1068,  665]]], dtype=int32), array([[[1108,  660]],

       [[1109,  661]],

       [[1109,  662]],

       [[1110,  663]],

       [[1110,  665]],

       [[1111,  666]],

       [[1111,  664]],

       [[1109,  662]],

       [[1109,  661]]], dtype=int32), array([[[915, 660]]], dtype=int32), array([[[1083,  659]],

       [[1082,  660]],

       [[1081,  660]],

       [[1080,  661]],

       [[1081,  662]],

       [[1080,  663]],

       [[1080,  664]],

       [[1081,  665]],

       [[1081,  666]],

       [[1083,  666]],

       [[1084,  665]],

       [[1085,  665]],

       [[1085,  660]],

       [[1084,  659]]], dtype=int32), array([[[1069,  656]],

       [[1069,  657]],

       [[1070,  658]],

       [[1070,  659]],

       [[1071,  660]],

       [[1070,  661]],

       [[1070,  664]],

       [[1071,  665]],

       [[1073,  663]],

       [[1073,  662]],

       [[1074,  661]],

       [[1073,  660]],

       [[1073,  658]],

       [[1070,  658]],

       [[1069,  657]]], dtype=int32), array([[[1067,  656]],

       [[1067,  657]]], dtype=int32), array([[[1101,  654]],

       [[1102,  653]],

       [[1103,  654]],

       [[1102,  655]]], dtype=int32), array([[[1069,  654]]], dtype=int32), array([[[895, 652]]], dtype=int32), array([[[1064,  650]]], dtype=int32), array([[[896, 650]],

       [[897, 650]],

       [[900, 653]],

       [[901, 652]],

       [[901, 650]]], dtype=int32), array([[[1081,  649]],

       [[1081,  651]],

       [[1082,  650]]], dtype=int32), array([[[1062,  649]]], dtype=int32), array([[[889, 649]],

       [[890, 650]],

       [[891, 649]]], dtype=int32), array([[[877, 649]]], dtype=int32), array([[[1095,  647]],

       [[1095,  648]]], dtype=int32), array([[[1083,  647]],

       [[1083,  648]],

       [[1084,  647]]], dtype=int32), array([[[1083,  645]]], dtype=int32), array([[[1079,  645]],

       [[1079,  646]]], dtype=int32), array([[[546, 643]],

       [[547, 642]],

       [[548, 643]],

       [[547, 644]]], dtype=int32), array([[[1085,  642]],

       [[1085,  643]],

       [[1086,  643]]], dtype=int32), array([[[786, 642]],

       [[786, 652]],

       [[787, 653]],

       [[787, 654]],

       [[788, 653]],

       [[788, 646]],

       [[787, 645]],

       [[787, 642]]], dtype=int32), array([[[1074,  641]],

       [[1073,  642]],

       [[1073,  643]],

       [[1075,  643]],

       [[1075,  641]]], dtype=int32), array([[[1069,  639]],

       [[1070,  640]],

       [[1071,  639]]], dtype=int32), array([[[847, 639]]], dtype=int32), array([[[1089,  638]],

       [[1087,  640]],

       [[1087,  641]],

       [[1088,  642]],

       [[1092,  642]],

       [[1093,  643]],

       [[1093,  645]],

       [[1094,  644]],

       [[1095,  644]],

       [[1097,  646]],

       [[1097,  650]],

       [[1098,  650]],

       [[1099,  651]],

       [[1099,  652]],

       [[1098,  653]],

       [[1099,  654]],

       [[1100,  654]],

       [[1101,  655]],

       [[1101,  656]],

       [[1102,  656]],

       [[1103,  657]],

       [[1104,  656]],

       [[1105,  657]],

       [[1104,  656]],

       [[1104,  654]],

       [[1103,  654]],

       [[1102,  653]],

       [[1102,  652]],

       [[1101,  651]],

       [[1101,  650]],

       [[1098,  647]],

       [[1098,  646]],

       [[1096,  644]],

       [[1096,  643]],

       [[1095,  643]],

       [[1094,  642]],

       [[1094,  641]],

       [[1091,  638]]], dtype=int32), array([[[1078,  638]],

       [[1077,  639]],

       [[1078,  640]],

       [[1078,  641]],

       [[1079,  642]],

       [[1079,  639]]], dtype=int32), array([[[543, 637]],

       [[544, 636]],

       [[545, 637]],

       [[545, 638]],

       [[546, 639]],

       [[544, 641]],

       [[543, 641]],

       [[542, 640]],

       [[543, 639]]], dtype=int32), array([[[1074,  636]],

       [[1074,  638]],

       [[1075,  638]],

       [[1076,  637]],

       [[1075,  636]]], dtype=int32), array([[[895, 634]],

       [[895, 636]],

       [[896, 635]],

       [[896, 634]]], dtype=int32), array([[[540, 634]],

       [[539, 635]],

       [[538, 635]],

       [[538, 636]],

       [[539, 636]],

       [[541, 638]],

       [[541, 639]],

       [[543, 641]],

       [[542, 642]],

       [[542, 643]],

       [[543, 644]],

       [[544, 643]],

       [[545, 644]],

       [[547, 644]],

       [[548, 643]],

       [[549, 643]],

       [[548, 642]],

       [[547, 642]],

       [[546, 641]],

       [[546, 636]],

       [[545, 636]],

       [[544, 635]],

       [[544, 634]],

       [[543, 635]],

       [[542, 634]]], dtype=int32), array([[[1042,  633]],

       [[1040,  635]],

       [[1040,  636]],

       [[1037,  639]],

       [[1037,  640]],

       [[1035,  642]],

       [[1035,  643]],

       [[1031,  647]],

       [[1030,  647]],

       [[1029,  648]],

       [[1028,  648]],

       [[1027,  649]],

       [[1024,  649]],

       [[1023,  648]],

       [[1023,  647]],

       [[1021,  645]],

       [[1021,  646]],

       [[1019,  648]],

       [[1018,  648]],

       [[1018,  649]],

       [[1013,  654]],

       [[1013,  655]],

       [[1009,  659]],

       [[1009,  660]],

       [[1008,  661]],

       [[1007,  661]],

       [[1006,  662]],

       [[1006,  663]],

       [[1005,  664]],

       [[1004,  664]],

       [[1001,  667]],

       [[1000,  667]],

       [[1000,  668]],

       [[ 996,  672]],

       [[ 995,  672]],

       [[ 995,  673]],

       [[ 994,  674]],

       [[ 993,  674]],

       [[ 992,  675]],

       [[ 992,  676]],

       [[ 991,  677]],

       [[ 989,  677]],

       [[ 986,  680]],

       [[ 985,  680]],

       [[ 983,  682]],

       [[ 982,  682]],

       [[ 980,  684]],

       [[ 979,  684]],

       [[ 978,  685]],

       [[ 977,  685]],

       [[ 977,  686]],

       [[ 976,  687]],

       [[ 973,  687]],

       [[ 972,  688]],

       [[ 972,  689]],

       [[ 971,  690]],

       [[ 967,  690]],

       [[ 966,  691]],

       [[ 965,  691]],

       [[ 965,  692]],

       [[ 964,  693]],

       [[ 963,  693]],

       [[ 962,  694]],

       [[ 959,  694]],

       [[ 957,  696]],

       [[ 955,  696]],

       [[ 955,  697]],

       [[ 954,  698]],

       [[ 950,  698]],

       [[ 949,  697]],

       [[ 949,  698]],

       [[ 950,  699]],

       [[ 949,  700]],

       [[ 951,  702]],

       [[ 951,  705]],

       [[ 952,  706]],

       [[ 952,  707]],

       [[ 951,  708]],

       [[ 952,  708]],

       [[ 954,  710]],

       [[ 952,  712]],

       [[ 951,  712]],

       [[ 952,  713]],

       [[ 951,  714]],

       [[ 951,  716]],

       [[ 952,  716]],

       [[ 953,  717]],

       [[ 953,  719]],

       [[ 954,  718]],

       [[ 955,  719]],

       [[ 960,  719]],

       [[ 960,  718]],

       [[ 963,  715]],

       [[ 964,  716]],

       [[ 965,  716]],

       [[ 966,  715]],

       [[ 968,  715]],

       [[ 969,  714]],

       [[ 973,  714]],

       [[ 974,  713]],

       [[ 974,  712]],

       [[ 973,  711]],

       [[ 974,  710]],

       [[ 975,  710]],

       [[ 976,  711]],

       [[ 977,  711]],

       [[ 978,  710]],

       [[ 979,  710]],

       [[ 980,  709]],

       [[ 981,  709]],

       [[ 984,  706]],

       [[ 986,  706]],

       [[ 987,  705]],

       [[ 989,  705]],

       [[ 991,  703]],

       [[ 992,  703]],

       [[ 993,  702]],

       [[ 996,  702]],

       [[ 997,  701]],

       [[ 999,  701]],

       [[1001,  699]],

       [[1002,  699]],

       [[1003,  698]],

       [[1004,  698]],

       [[1009,  693]],

       [[1010,  693]],

       [[1014,  689]],

       [[1015,  689]],

       [[1017,  687]],

       [[1018,  687]],

       [[1018,  686]],

       [[1019,  685]],

       [[1020,  685]],

       [[1021,  684]],

       [[1022,  684]],

       [[1023,  683]],

       [[1023,  682]],

       [[1024,  681]],

       [[1025,  681]],

       [[1027,  679]],

       [[1028,  679]],

       [[1032,  675]],

       [[1033,  675]],

       [[1033,  674]],

       [[1035,  672]],

       [[1035,  671]],

       [[1036,  670]],

       [[1036,  669]],

       [[1038,  667]],

       [[1038,  665]],

       [[1045,  658]],

       [[1046,  658]],

       [[1046,  657]],

       [[1047,  656]],

       [[1047,  655]],

       [[1048,  654]],

       [[1049,  654]],

       [[1048,  653]],

       [[1049,  652]],

       [[1050,  652]],

       [[1051,  653]],

       [[1052,  652]],

       [[1052,  651]],

       [[1054,  649]],

       [[1054,  645]],

       [[1055,  644]],

       [[1056,  644]],

       [[1056,  643]],

       [[1055,  643]],

       [[1054,  642]],

       [[1053,  642]],

       [[1052,  641]],

       [[1052,  640]],

       [[1051,  639]],

       [[1049,  639]],

       [[1044,  634]],

       [[1043,  634]]], dtype=int32), array([[[528, 633]],

       [[528, 634]],

       [[529, 634]],

       [[529, 633]]], dtype=int32), array([[[832, 632]],

       [[832, 633]],

       [[834, 633]],

       [[835, 634]],

       [[834, 633]],

       [[833, 633]]], dtype=int32), array([[[1079,  631]],

       [[1080,  632]],

       [[1082,  632]],

       [[1083,  633]],

       [[1084,  633]],

       [[1087,  636]],

       [[1089,  636]],

       [[1087,  634]],

       [[1086,  634]],

       [[1085,  633]],

       [[1084,  633]],

       [[1083,  632]],

       [[1081,  632]],

       [[1080,  631]]], dtype=int32), array([[[829, 631]]], dtype=int32), array([[[895, 630]],

       [[896, 629]],

       [[897, 630]],

       [[896, 631]]], dtype=int32), array([[[823, 629]],

       [[823, 630]]], dtype=int32), array([[[1072,  628]]], dtype=int32), array([[[820, 628]],

       [[821, 628]]], dtype=int32), array([[[1064,  627]],

       [[1068,  627]],

       [[1069,  628]],

       [[1070,  628]],

       [[1070,  627]]], dtype=int32), array([[[559, 626]],

       [[560, 627]],

       [[561, 627]],

       [[562, 628]],

       [[563, 628]],

       [[563, 626]]], dtype=int32), array([[[811, 625]],

       [[812, 626]],

       [[813, 626]],

       [[814, 627]],

       [[814, 628]],

       [[815, 627]],

       [[816, 627]],

       [[817, 628]],

       [[818, 628]],

       [[817, 628]],

       [[816, 627]],

       [[814, 627]],

       [[812, 625]]], dtype=int32), array([[[545, 625]],

       [[546, 625]]], dtype=int32), array([[[520, 625]],

       [[521, 624]],

       [[522, 625]],

       [[522, 626]],

       [[521, 627]],

       [[520, 626]]], dtype=int32), array([[[564, 622]],

       [[564, 623]]], dtype=int32), array([[[514, 622]],

       [[515, 621]],

       [[516, 621]],

       [[517, 622]],

       [[518, 622]],

       [[519, 623]],

       [[519, 626]],

       [[518, 627]],

       [[514, 627]],

       [[513, 626]],

       [[514, 625]]], dtype=int32), array([[[830, 620]]], dtype=int32), array([[[1025,  617]],

       [[1024,  618]],

       [[1024,  619]],

       [[1022,  621]],

       [[1022,  622]],

       [[1021,  623]],

       [[1020,  623]],

       [[1018,  625]],

       [[1017,  625]],

       [[1013,  629]],

       [[1010,  629]],

       [[1009,  628]],

       [[1008,  628]],

       [[1007,  627]],

       [[1004,  627]],

       [[1003,  628]],

       [[1002,  628]],

       [[1002,  629]],

       [[ 997,  634]],

       [[ 997,  635]],

       [[ 996,  636]],

       [[ 995,  636]],

       [[ 995,  637]],

       [[ 991,  641]],

       [[ 991,  642]],

       [[ 989,  644]],

       [[ 988,  644]],

       [[ 983,  649]],

       [[ 982,  649]],

       [[ 981,  650]],

       [[ 980,  650]],

       [[ 975,  655]],

       [[ 974,  655]],

       [[ 974,  656]],

       [[ 973,  657]],

       [[ 972,  657]],

       [[ 970,  659]],

       [[ 969,  659]],

       [[ 967,  661]],

       [[ 966,  661]],

       [[ 965,  662]],

       [[ 964,  662]],

       [[ 960,  666]],

       [[ 959,  666]],

       [[ 958,  667]],

       [[ 956,  667]],

       [[ 952,  671]],

       [[ 951,  671]],

       [[ 950,  672]],

       [[ 949,  672]],

       [[ 948,  673]],

       [[ 947,  673]],

       [[ 946,  674]],

       [[ 944,  674]],

       [[ 943,  675]],

       [[ 944,  676]],

       [[ 942,  678]],

       [[ 940,  678]],

       [[ 939,  677]],

       [[ 938,  677]],

       [[ 937,  678]],

       [[ 934,  678]],

       [[ 933,  679]],

       [[ 932,  679]],

       [[ 933,  680]],

       [[ 933,  681]],

       [[ 931,  683]],

       [[ 932,  684]],

       [[ 935,  684]],

       [[ 936,  685]],

       [[ 937,  684]],

       [[ 938,  684]],

       [[ 940,  686]],

       [[ 941,  685]],

       [[ 943,  685]],

       [[ 944,  684]],

       [[ 946,  684]],

       [[ 947,  683]],

       [[ 949,  683]],

       [[ 950,  682]],

       [[ 953,  682]],

       [[ 954,  681]],

       [[ 954,  680]],

       [[ 955,  679]],

       [[ 956,  679]],

       [[ 957,  678]],

       [[ 959,  678]],

       [[ 960,  677]],

       [[ 961,  677]],

       [[ 963,  675]],

       [[ 964,  675]],

       [[ 966,  673]],

       [[ 969,  673]],

       [[ 971,  671]],

       [[ 972,  671]],

       [[ 974,  669]],

       [[ 975,  669]],

       [[ 976,  668]],

       [[ 977,  668]],

       [[ 980,  665]],

       [[ 981,  665]],

       [[ 983,  663]],

       [[ 984,  663]],

       [[ 987,  660]],

       [[ 988,  660]],

       [[ 992,  656]],

       [[ 993,  656]],

       [[ 994,  655]],

       [[ 994,  654]],

       [[ 995,  653]],

       [[ 996,  653]],

       [[ 999,  650]],

       [[ 999,  649]],

       [[1000,  648]],

       [[1001,  648]],

       [[1002,  647]],

       [[1002,  646]],

       [[1008,  640]],

       [[1008,  639]],

       [[1010,  637]],

       [[1010,  636]],

       [[1011,  635]],

       [[1011,  634]],

       [[1012,  633]],

       [[1013,  633]],

       [[1017,  637]],

       [[1017,  638]],

       [[1018,  639]],

       [[1020,  637]],

       [[1023,  637]],

       [[1026,  634]],

       [[1027,  634]],

       [[1029,  632]],

       [[1029,  631]],

       [[1030,  630]],

       [[1030,  629]],

       [[1032,  627]],

       [[1032,  623]],

       [[1026,  617]]], dtype=int32), array([[[772, 616]],

       [[773, 615]],

       [[774, 616]],

       [[773, 617]]], dtype=int32), array([[[540, 615]],

       [[543, 615]],

       [[544, 616]],

       [[545, 616]],

       [[546, 617]],

       [[547, 616]],

       [[550, 616]],

       [[551, 617]],

       [[551, 619]],

       [[553, 619]],

       [[554, 620]],

       [[552, 622]],

       [[550, 622]],

       [[549, 623]],

       [[550, 624]],

       [[550, 625]],

       [[548, 627]],

       [[546, 627]],

       [[545, 628]],

       [[542, 628]],

       [[541, 627]],

       [[541, 621]],

       [[538, 618]],

       [[538, 617]]], dtype=int32), array([[[495, 616]],

       [[496, 615]],

       [[497, 616]],

       [[496, 617]]], dtype=int32), array([[[552, 614]],

       [[553, 614]],

       [[554, 615]],

       [[554, 617]],

       [[552, 619]],

       [[551, 618]],

       [[551, 617]],

       [[550, 616]]], dtype=int32), array([[[523, 614]],

       [[524, 613]],

       [[525, 614]],

       [[526, 614]],

       [[528, 616]],

       [[528, 617]],

       [[527, 618]],

       [[526, 618]],

       [[525, 619]],

       [[524, 618]],

       [[524, 617]],

       [[523, 618]],

       [[522, 617]],

       [[522, 616]],

       [[521, 615]],

       [[522, 614]]], dtype=int32), array([[[822, 611]],

       [[823, 610]],

       [[824, 611]],

       [[823, 612]]], dtype=int32), array([[[819, 611]],

       [[820, 610]],

       [[821, 611]],

       [[820, 612]]], dtype=int32), array([[[549, 608]],

       [[550, 607]],

       [[551, 608]],

       [[550, 609]]], dtype=int32), array([[[756, 607]]], dtype=int32), array([[[585, 604]]], dtype=int32), array([[[585, 602]],

       [[586, 602]]], dtype=int32), array([[[499, 602]],

       [[499, 603]],

       [[500, 602]]], dtype=int32), array([[[723, 601]],

       [[722, 602]],

       [[721, 602]],

       [[722, 603]],

       [[724, 603]],

       [[725, 604]],

       [[730, 604]],

       [[731, 605]],

       [[743, 605]],

       [[744, 604]],

       [[745, 605]],

       [[753, 605]],

       [[753, 604]],

       [[746, 604]],

       [[745, 603]],

       [[742, 603]],

       [[741, 602]],

       [[725, 602]],

       [[724, 601]]], dtype=int32), array([[[541, 600]],

       [[542, 599]],

       [[543, 599]],

       [[544, 600]],

       [[542, 602]],

       [[541, 601]]], dtype=int32), array([[[535, 600]],

       [[536, 599]],

       [[537, 599]],

       [[538, 600]],

       [[537, 601]],

       [[536, 601]]], dtype=int32), array([[[586, 599]]], dtype=int32), array([[[543, 599]],

       [[544, 598]],

       [[545, 598]],

       [[546, 599]],

       [[545, 600]],

       [[544, 600]]], dtype=int32), array([[[565, 596]],

       [[566, 595]],

       [[567, 595]],

       [[568, 596]],

       [[567, 597]],

       [[566, 597]]], dtype=int32), array([[[767, 591]],

       [[768, 590]],

       [[769, 591]],

       [[768, 592]]], dtype=int32), array([[[903, 589]],

       [[904, 590]],

       [[904, 591]],

       [[904, 590]]], dtype=int32), array([[[488, 589]],

       [[489, 590]],

       [[489, 589]]], dtype=int32), array([[[475, 587]],

       [[476, 586]],

       [[477, 587]],

       [[476, 588]]], dtype=int32), array([[[589, 586]],

       [[590, 585]],

       [[592, 587]],

       [[590, 589]],

       [[589, 588]]], dtype=int32), array([[[481, 586]],

       [[482, 585]],

       [[483, 586]],

       [[482, 587]]], dtype=int32), array([[[957, 585]],

       [[958, 584]],

       [[959, 585]],

       [[959, 586]],

       [[958, 587]],

       [[957, 586]]], dtype=int32), array([[[398, 583]],

       [[399, 582]],

       [[400, 583]],

       [[399, 584]]], dtype=int32), array([[[460, 581]],

       [[462, 581]],

       [[463, 582]],

       [[464, 581]],

       [[465, 581]],

       [[466, 582]],

       [[466, 587]],

       [[467, 588]],

       [[466, 589]],

       [[463, 589]],

       [[464, 590]],

       [[463, 591]],

       [[462, 591]],

       [[461, 590]],

       [[461, 589]],

       [[460, 588]],

       [[459, 588]],

       [[458, 587]],

       [[458, 583]]], dtype=int32), array([[[590, 581]],

       [[589, 582]],

       [[590, 583]],

       [[590, 584]],

       [[589, 585]],

       [[589, 587]],

       [[588, 588]],

       [[588, 592]],

       [[586, 594]],

       [[586, 597]],

       [[588, 597]],

       [[589, 596]],

       [[589, 595]],

       [[590, 594]],

       [[590, 591]],

       [[591, 590]],

       [[591, 589]],

       [[592, 588]],

       [[592, 586]],

       [[593, 585]],

       [[593, 582]],

       [[592, 582]],

       [[591, 583]],

       [[590, 582]]], dtype=int32), array([[[465, 581]],

       [[466, 580]],

       [[467, 580]],

       [[468, 581]],

       [[467, 582]],

       [[466, 582]]], dtype=int32), array([[[465, 579]],

       [[466, 578]],

       [[467, 579]],

       [[466, 580]]], dtype=int32), array([[[495, 576]],

       [[496, 575]],

       [[497, 576]],

       [[496, 577]]], dtype=int32), array([[[460, 572]],

       [[461, 571]],

       [[462, 571]],

       [[464, 573]],

       [[463, 574]],

       [[461, 574]],

       [[460, 573]]], dtype=int32), array([[[816, 570]],

       [[817, 570]]], dtype=int32), array([[[512, 570]]], dtype=int32), array([[[815, 567]]], dtype=int32), array([[[825, 566]],

       [[826, 565]],

       [[827, 566]],

       [[827, 568]],

       [[826, 569]],

       [[825, 568]]], dtype=int32), array([[[653, 566]],

       [[652, 567]],

       [[651, 567]],

       [[650, 568]],

       [[651, 569]],

       [[651, 571]],

       [[652, 571]],

       [[655, 574]],

       [[656, 574]],

       [[658, 576]],

       [[659, 576]],

       [[660, 577]],

       [[661, 577]],

       [[663, 579]],

       [[664, 579]],

       [[665, 580]],

       [[666, 580]],

       [[667, 581]],

       [[670, 581]],

       [[671, 582]],

       [[671, 580]],

       [[667, 576]],

       [[666, 576]],

       [[663, 573]],

       [[662, 573]],

       [[660, 571]],

       [[659, 571]],

       [[655, 567]],

       [[654, 567]]], dtype=int32), array([[[495, 566]],

       [[496, 567]],

       [[495, 568]],

       [[495, 569]],

       [[493, 571]],

       [[493, 573]],

       [[492, 574]],

       [[491, 573]],

       [[490, 574]],

       [[489, 574]],

       [[489, 575]],

       [[490, 576]],

       [[490, 577]],

       [[491, 577]],

       [[492, 578]],

       [[493, 578]],

       [[493, 577]],

       [[494, 576]],

       [[495, 577]],

       [[497, 577]],

       [[498, 576]],

       [[499, 576]],

       [[499, 575]],

       [[500, 574]],

       [[500, 572]],

       [[498, 572]],

       [[497, 571]],

       [[497, 569]],

       [[496, 568]],

       [[496, 566]]], dtype=int32), array([[[973, 564]],

       [[974, 565]],

       [[974, 566]],

       [[975, 566]],

       [[976, 567]],

       [[976, 571]],

       [[973, 574]],

       [[972, 574]],

       [[970, 576]],

       [[969, 576]],

       [[969, 577]],

       [[967, 579]],

       [[967, 580]],

       [[966, 581]],

       [[965, 581]],

       [[964, 582]],

       [[963, 582]],

       [[962, 583]],

       [[961, 583]],

       [[960, 582]],

       [[959, 582]],

       [[958, 581]],

       [[959, 580]],

       [[959, 578]],

       [[962, 575]],

       [[963, 575]],

       [[963, 574]],

       [[964, 573]],

       [[965, 574]],

       [[964, 573]],

       [[964, 572]],

       [[965, 571]],

       [[967, 571]],

       [[967, 569]],

       [[968, 568]],

       [[968, 567]],

       [[969, 566]],

       [[971, 566]]], dtype=int32), array([[[823, 565]],

       [[824, 564]],

       [[825, 565]],

       [[825, 566]],

       [[824, 567]],

       [[823, 566]]], dtype=int32), array([[[510, 565]]], dtype=int32), array([[[752, 564]],

       [[752, 565]],

       [[751, 566]],

       [[750, 566]],

       [[751, 566]],

       [[752, 567]],

       [[752, 569]],

       [[753, 570]],

       [[754, 569]],

       [[755, 570]],

       [[755, 566]],

       [[754, 566]]], dtype=int32), array([[[504, 562]],

       [[504, 563]],

       [[505, 562]]], dtype=int32), array([[[842, 560]],

       [[841, 561]],

       [[841, 564]],

       [[840, 565]],

       [[844, 565]],

       [[845, 566]],

       [[845, 567]],

       [[845, 563]],

       [[843, 561]],

       [[843, 560]]], dtype=int32), array([[[758, 560]],

       [[759, 559]],

       [[760, 560]],

       [[759, 561]]], dtype=int32), array([[[615, 560]],

       [[615, 562]]], dtype=int32), array([[[586, 560]],

       [[585, 561]],

       [[587, 563]],

       [[587, 565]],

       [[591, 565]],

       [[590, 565]],

       [[588, 563]],

       [[589, 562]],

       [[592, 562]],

       [[594, 564]],

       [[594, 565]],

       [[593, 566]],

       [[593, 568]],

       [[592, 569]],

       [[592, 571]],

       [[593, 572]],

       [[593, 573]],

       [[594, 574]],

       [[594, 575]],

       [[595, 576]],

       [[595, 579]],

       [[595, 576]],

       [[597, 574]],

       [[597, 573]],

       [[598, 572]],

       [[598, 570]],

       [[599, 569]],

       [[599, 564]],

       [[600, 563]],

       [[602, 563]],

       [[602, 562]],

       [[599, 562]],

       [[598, 561]],

       [[596, 561]],

       [[595, 560]]], dtype=int32), array([[[877, 558]],

       [[876, 559]],

       [[878, 559]]], dtype=int32), array([[[489, 557]],

       [[490, 558]],

       [[490, 560]],

       [[489, 561]],

       [[487, 559]]], dtype=int32), array([[[757, 554]],

       [[758, 553]],

       [[759, 554]],

       [[758, 555]]], dtype=int32), array([[[721, 549]],

       [[720, 550]],

       [[720, 557]],

       [[724, 557]],

       [[725, 556]],

       [[725, 554]],

       [[724, 553]],

       [[724, 550]],

       [[723, 549]]], dtype=int32), array([[[617, 549]],

       [[617, 550]],

       [[616, 551]],

       [[616, 552]],

       [[615, 553]],

       [[615, 555]],

       [[615, 553]],

       [[617, 551]]], dtype=int32), array([[[958, 548]],

       [[959, 547]],

       [[960, 548]],

       [[959, 549]]], dtype=int32), array([[[831, 547]],

       [[832, 547]]], dtype=int32), array([[[1156,  544]],

       [[1157,  543]],

       [[1158,  544]],

       [[1157,  545]]], dtype=int32), array([[[1152,  544]],

       [[1153,  543]],

       [[1154,  544]],

       [[1153,  545]]], dtype=int32), array([[[821, 544]],

       [[820, 545]],

       [[819, 545]],

       [[819, 551]],

       [[818, 552]],

       [[818, 554]],

       [[816, 556]],

       [[815, 555]],

       [[815, 554]],

       [[815, 555]],

       [[816, 556]],

       [[816, 558]],

       [[817, 559]],

       [[816, 560]],

       [[816, 561]],

       [[817, 561]],

       [[818, 562]],

       [[818, 565]],

       [[819, 566]],

       [[819, 568]],

       [[820, 567]],

       [[821, 567]],

       [[822, 568]],

       [[823, 568]],

       [[824, 569]],

       [[822, 571]],

       [[821, 570]],

       [[822, 571]],

       [[824, 571]],

       [[825, 572]],

       [[827, 570]],

       [[831, 570]],

       [[831, 567]],

       [[832, 566]],

       [[836, 566]],

       [[837, 565]],

       [[838, 565]],

       [[837, 564]],

       [[837, 562]],

       [[839, 560]],

       [[839, 559]],

       [[840, 558]],

       [[842, 558]],

       [[843, 557]],

       [[840, 554]],

       [[838, 554]],

       [[837, 553]],

       [[837, 552]],

       [[836, 551]],

       [[836, 550]],

       [[835, 551]],

       [[834, 551]],

       [[834, 553]],

       [[833, 554]],

       [[833, 555]],

       [[832, 556]],

       [[831, 556]],

       [[827, 552]],

       [[828, 551]],

       [[828, 550]],

       [[826, 548]],

       [[825, 548]]], dtype=int32), array([[[728, 544]],

       [[727, 545]],

       [[727, 546]],

       [[728, 547]],

       [[728, 548]]], dtype=int32), array([[[1162,  543]],

       [[1163,  542]],

       [[1164,  543]],

       [[1165,  543]],

       [[1166,  544]],

       [[1165,  545]],

       [[1163,  545]],

       [[1162,  544]]], dtype=int32), array([[[1153,  543]],

       [[1154,  542]],

       [[1155,  543]],

       [[1154,  544]]], dtype=int32), array([[[1149,  543]],

       [[1150,  542]],

       [[1151,  543]],

       [[1150,  544]]], dtype=int32), array([[[489, 543]],

       [[490, 542]],

       [[491, 543]],

       [[490, 544]]], dtype=int32), array([[[1173,  542]],

       [[1174,  541]],

       [[1175,  541]],

       [[1176,  542]],

       [[1175,  543]],

       [[1174,  543]]], dtype=int32), array([[[615, 542]],

       [[616, 541]],

       [[617, 542]],

       [[616, 543]]], dtype=int32), array([[[490, 542]],

       [[491, 541]],

       [[492, 542]],

       [[491, 543]]], dtype=int32), array([[[1197,  541]],

       [[1199,  541]]], dtype=int32), array([[[1193,  541]],

       [[1193,  542]],

       [[1194,  542]],

       [[1195,  541]]], dtype=int32), array([[[656, 541]],

       [[657, 542]],

       [[657, 541]]], dtype=int32), array([[[1193,  538]]], dtype=int32), array([[[1182,  538]],

       [[1183,  537]],

       [[1184,  538]],

       [[1184,  539]],

       [[1183,  540]],

       [[1182,  539]]], dtype=int32), array([[[1171,  538]],

       [[1172,  537]],

       [[1173,  537]],

       [[1174,  538]],

       [[1172,  540]],

       [[1171,  539]]], dtype=int32), array([[[728, 538]]], dtype=int32), array([[[1191,  535]]], dtype=int32), array([[[650, 533]],

       [[649, 534]],

       [[650, 534]]], dtype=int32), array([[[1208,  531]],

       [[1208,  532]]], dtype=int32), array([[[947, 531]],

       [[948, 530]],

       [[949, 531]],

       [[949, 532]],

       [[948, 533]],

       [[946, 533]],

       [[945, 532]],

       [[946, 531]]], dtype=int32), array([[[760, 531]],

       [[758, 533]],

       [[758, 538]],

       [[760, 540]],

       [[760, 542]],

       [[761, 543]],

       [[762, 543]],

       [[763, 544]],

       [[765, 544]],

       [[764, 544]],

       [[763, 543]],

       [[763, 542]],

       [[764, 541]],

       [[764, 537]],

       [[763, 536]],

       [[763, 532]],

       [[762, 531]]], dtype=int32), array([[[627, 531]],

       [[628, 530]],

       [[629, 531]],

       [[628, 532]]], dtype=int32), array([[[503, 531]],

       [[504, 530]],

       [[505, 531]],

       [[504, 532]]], dtype=int32), array([[[645, 530]],

       [[645, 532]],

       [[647, 532]],

       [[648, 531]],

       [[648, 530]],

       [[648, 531]],

       [[647, 532]]], dtype=int32), array([[[941, 529]],

       [[942, 528]],

       [[945, 528]],

       [[946, 529]],

       [[945, 530]],

       [[945, 531]],

       [[944, 532]],

       [[943, 532]],

       [[941, 530]]], dtype=int32), array([[[775, 523]],

       [[776, 524]],

       [[776, 529]],

       [[775, 530]],

       [[774, 529]],

       [[774, 526]],

       [[773, 525]]], dtype=int32), array([[[1213,  521]],

       [[1213,  523]]], dtype=int32), array([[[633, 521]],

       [[633, 522]]], dtype=int32), array([[[1207,  520]],

       [[1207,  521]]], dtype=int32), array([[[1202,  520]],

       [[1203,  519]],

       [[1204,  520]],

       [[1203,  521]]], dtype=int32), array([[[507, 520]],

       [[508, 519]],

       [[509, 520]],

       [[509, 521]],

       [[508, 522]],

       [[507, 521]]], dtype=int32), array([[[1212,  517]]], dtype=int32), array([[[1198,  516]],

       [[1201,  516]],

       [[1202,  517]],

       [[1200,  519]],

       [[1198,  519]],

       [[1197,  520]],

       [[1196,  520]],

       [[1195,  519]]], dtype=int32), array([[[728, 517]],

       [[728, 518]],

       [[727, 519]],

       [[727, 523]],

       [[727, 520]],

       [[728, 519]]], dtype=int32), array([[[1210,  512]],

       [[1210,  513]]], dtype=int32), array([[[652, 512]],

       [[652, 513]],

       [[651, 514]],

       [[651, 515]],

       [[650, 516]],

       [[650, 523]],

       [[651, 524]],

       [[651, 525]],

       [[652, 526]],

       [[652, 527]],

       [[654, 529]],

       [[654, 530]],

       [[655, 531]],

       [[655, 532]],

       [[656, 533]],

       [[656, 535]],

       [[658, 537]],

       [[659, 537]],

       [[662, 540]],

       [[662, 542]],

       [[663, 542]],

       [[664, 543]],

       [[665, 543]],

       [[668, 546]],

       [[669, 546]],

       [[674, 551]],

       [[676, 551]],

       [[681, 556]],

       [[682, 556]],

       [[684, 558]],

       [[685, 558]],

       [[686, 559]],

       [[686, 560]],

       [[687, 561]],

       [[688, 561]],

       [[689, 562]],

       [[691, 562]],

       [[692, 563]],

       [[692, 564]],

       [[693, 564]],

       [[695, 566]],

       [[696, 566]],

       [[697, 567]],

       [[698, 567]],

       [[700, 569]],

       [[703, 569]],

       [[707, 573]],

       [[708, 573]],

       [[709, 574]],

       [[710, 574]],

       [[714, 578]],

       [[717, 578]],

       [[718, 579]],

       [[718, 580]],

       [[719, 581]],

       [[721, 581]],

       [[722, 582]],

       [[723, 582]],

       [[725, 584]],

       [[726, 584]],

       [[728, 586]],

       [[730, 586]],

       [[731, 587]],

       [[732, 587]],

       [[735, 590]],

       [[736, 590]],

       [[737, 589]],

       [[741, 593]],

       [[743, 593]],

       [[743, 590]],

       [[744, 589]],

       [[745, 590]],

       [[745, 593]],

       [[746, 594]],

       [[746, 597]],

       [[748, 597]],

       [[749, 596]],

       [[752, 599]],

       [[752, 600]],

       [[753, 601]],

       [[754, 600]],

       [[755, 600]],

       [[757, 602]],

       [[759, 602]],

       [[760, 603]],

       [[760, 604]],

       [[761, 605]],

       [[762, 605]],

       [[763, 606]],

       [[766, 606]],

       [[769, 609]],

       [[772, 609]],

       [[773, 610]],

       [[773, 612]],

       [[772, 613]],

       [[770, 613]],

       [[771, 613]],

       [[772, 614]],

       [[772, 615]],

       [[771, 616]],

       [[771, 617]],

       [[773, 619]],

       [[773, 620]],

       [[774, 620]],

       [[780, 626]],

       [[780, 627]],

       [[781, 628]],

       [[782, 628]],

       [[782, 622]],

       [[779, 619]],

       [[778, 619]],

       [[776, 617]],

       [[775, 617]],

       [[774, 616]],

       [[774, 614]],

       [[775, 613]],

       [[776, 614]],

       [[777, 614]],

       [[777, 613]],

       [[778, 612]],

       [[780, 612]],

       [[782, 614]],

       [[782, 615]],

       [[786, 615]],

       [[787, 614]],

       [[789, 614]],

       [[790, 615]],

       [[790, 616]],

       [[791, 617]],

       [[791, 618]],

       [[793, 618]],

       [[792, 617]],

       [[793, 616]],

       [[794, 616]],

       [[796, 614]],

       [[798, 616]],

       [[798, 617]],

       [[799, 618]],

       [[800, 618]],

       [[801, 619]],

       [[801, 618]],

       [[802, 617]],

       [[803, 617]],

       [[804, 616]],

       [[805, 616]],

       [[806, 617]],

       [[809, 617]],

       [[810, 618]],

       [[812, 618]],

       [[813, 617]],

       [[817, 617]],

       [[819, 619]],

       [[820, 619]],

       [[821, 618]],

       [[823, 618]],

       [[824, 617]],

       [[827, 617]],

       [[828, 618]],

       [[828, 619]],

       [[827, 620]],

       [[826, 619]],

       [[825, 619]],

       [[826, 620]],

       [[827, 620]],

       [[831, 616]],

       [[832, 617]],

       [[832, 620]],

       [[834, 618]],

       [[837, 618]],

       [[838, 619]],

       [[843, 619]],

       [[844, 620]],

       [[846, 620]],

       [[847, 619]],

       [[848, 619]],

       [[849, 618]],

       [[850, 618]],

       [[851, 617]],

       [[853, 617]],

       [[854, 616]],

       [[854, 615]],

       [[855, 614]],

       [[855, 613]],

       [[856, 612]],

       [[856, 611]],

       [[857, 610]],

       [[857, 604]],

       [[858, 603]],

       [[857, 602]],

       [[857, 600]],

       [[856, 599]],

       [[856, 598]],

       [[855, 597]],

       [[855, 596]],

       [[853, 594]],

       [[850, 594]],

       [[850, 595]],

       [[851, 596]],

       [[851, 597]],

       [[852, 598]],

       [[852, 601]],

       [[853, 602]],

       [[853, 603]],

       [[849, 607]],

       [[845, 607]],

       [[843, 609]],

       [[837, 609]],

       [[836, 610]],

       [[833, 610]],

       [[832, 609]],

       [[831, 610]],

       [[831, 611]],

       [[830, 612]],

       [[829, 612]],

       [[828, 611]],

       [[829, 610]],

       [[829, 609]],

       [[827, 609]],

       [[826, 610]],

       [[825, 609]],

       [[824, 609]],

       [[823, 610]],

       [[819, 610]],

       [[818, 609]],

       [[818, 608]],

       [[815, 608]],

       [[814, 607]],

       [[813, 608]],

       [[812, 607]],

       [[811, 607]],

       [[810, 606]],

       [[809, 606]],

       [[808, 605]],

       [[805, 605]],

       [[804, 604]],

       [[803, 604]],

       [[801, 602]],

       [[798, 602]],

       [[795, 599]],

       [[794, 599]],

       [[793, 598]],

       [[792, 598]],

       [[792, 599]],

       [[791, 600]],

       [[790, 599]],

       [[790, 597]],

       [[789, 597]],

       [[788, 596]],

       [[787, 596]],

       [[786, 595]],

       [[784, 595]],

       [[784, 596]],

       [[783, 597]],

       [[782, 596]],

       [[782, 595]],

       [[781, 594]],

       [[781, 593]],

       [[776, 593]],

       [[774, 591]],

       [[774, 590]],

       [[773, 591]],

       [[772, 591]],

       [[772, 592]],

       [[771, 593]],

       [[769, 593]],

       [[768, 592]],

       [[769, 591]],

       [[770, 591]],

       [[770, 590]],

       [[769, 590]],

       [[768, 589]],

       [[767, 589]],

       [[766, 590]],

       [[765, 590]],

       [[764, 591]],

       [[762, 591]],

       [[761, 590]],

       [[760, 590]],

       [[759, 589]],

       [[759, 588]],

       [[758, 588]],

       [[758, 589]],

       [[757, 590]],

       [[755, 590]],

       [[755, 591]],

       [[754, 592]],

       [[753, 592]],

       [[752, 591]],

       [[752, 590]],

       [[750, 588]],

       [[750, 587]],

       [[748, 587]],

       [[748, 588]],

       [[746, 590]],

       [[745, 590]],

       [[744, 589]],

       [[744, 587]],

       [[743, 587]],

       [[742, 586]],

       [[741, 586]],

       [[741, 588]],

       [[740, 589]],

       [[738, 589]],

       [[736, 587]],

       [[736, 584]],

       [[735, 585]],

       [[734, 584]],

       [[733, 584]],

       [[732, 583]],

       [[731, 583]],

       [[731, 584]],

       [[730, 585]],

       [[729, 584]],

       [[729, 581]],

       [[727, 581]],

       [[726, 580]],

       [[725, 580]],

       [[723, 578]],

       [[722, 578]],

       [[721, 577]],

       [[717, 577]],

       [[715, 575]],

       [[715, 574]],

       [[714, 573]],

       [[711, 573]],

       [[710, 574]],

       [[709, 573]],

       [[709, 570]],

       [[708, 570]],

       [[707, 569]],

       [[705, 569]],

       [[703, 567]],

       [[703, 566]],

       [[702, 565]],

       [[702, 564]],

       [[700, 564]],

       [[699, 565]],

       [[698, 564]],

       [[698, 562]],

       [[697, 561]],

       [[697, 559]],

       [[696, 558]],

       [[693, 558]],

       [[691, 556]],

       [[691, 554]],

       [[690, 553]],

       [[690, 552]],

       [[687, 552]],

       [[685, 550]],

       [[685, 547]],

       [[683, 545]],

       [[681, 545]],

       [[680, 544]],

       [[680, 543]],

       [[679, 542]],

       [[679, 541]],

       [[677, 539]],

       [[676, 539]],

       [[673, 536]],

       [[672, 536]],

       [[671, 535]],

       [[671, 534]],

       [[670, 534]],

       [[667, 531]],

       [[666, 531]],

       [[664, 529]],

       [[663, 529]],

       [[657, 523]],

       [[657, 522]],

       [[656, 521]],

       [[656, 520]],

       [[655, 519]],

       [[655, 517]],

       [[654, 516]],

       [[654, 513]],

       [[653, 512]]], dtype=int32), array([[[1202,  510]],

       [[1203,  509]],

       [[1204,  510]],

       [[1203,  511]]], dtype=int32), array([[[1206,  506]],

       [[1207,  505]],

       [[1208,  506]],

       [[1208,  507]],

       [[1207,  508]],

       [[1206,  507]]], dtype=int32), array([[[1202,  504]],

       [[1203,  503]],

       [[1204,  504]],

       [[1204,  505]],

       [[1205,  505]],

       [[1206,  506]],

       [[1206,  507]],

       [[1205,  508]],

       [[1204,  508]],

       [[1203,  507]],

       [[1202,  507]],

       [[1201,  506]],

       [[1202,  505]]], dtype=int32), array([[[909, 502]],

       [[909, 503]],

       [[908, 504]],

       [[909, 504]],

       [[910, 503]],

       [[911, 503]],

       [[910, 503]]], dtype=int32), array([[[637, 497]],

       [[638, 497]],

       [[639, 498]],

       [[639, 500]],

       [[638, 501]],

       [[637, 501]],

       [[635, 499]]], dtype=int32), array([[[677, 496]],

       [[678, 495]],

       [[679, 496]],

       [[678, 497]]], dtype=int32), array([[[901, 494]],

       [[900, 495]],

       [[899, 495]],

       [[900, 495]],

       [[901, 496]],

       [[902, 495]],

       [[902, 494]]], dtype=int32), array([[[730, 491]],

       [[731, 492]],

       [[731, 493]],

       [[732, 494]],

       [[732, 498]],

       [[731, 499]],

       [[729, 499]],

       [[728, 498]],

       [[728, 493]]], dtype=int32), array([[[676, 492]],

       [[675, 493]],

       [[671, 493]],

       [[670, 494]],

       [[669, 494]],

       [[668, 495]],

       [[669, 496]],

       [[668, 497]],

       [[664, 497]],

       [[664, 498]],

       [[665, 497]],

       [[666, 497]],

       [[667, 498]],

       [[668, 498]],

       [[669, 499]],

       [[671, 497]],

       [[677, 497]],

       [[678, 498]],

       [[682, 498]],

       [[683, 497]],

       [[684, 497]],

       [[686, 495]],

       [[687, 495]],

       [[687, 494]],

       [[686, 494]],

       [[685, 493]],

       [[684, 493]],

       [[683, 492]],

       [[683, 493]],

       [[682, 494]],

       [[681, 493]],

       [[680, 494]],

       [[678, 494]]], dtype=int32), array([[[665, 492]],

       [[665, 494]]], dtype=int32), array([[[663, 492]]], dtype=int32), array([[[908, 491]],

       [[909, 490]],

       [[910, 490]],

       [[911, 491]],

       [[910, 492]],

       [[909, 492]]], dtype=int32), array([[[892, 488]],

       [[893, 487]],

       [[894, 487]],

       [[895, 488]],

       [[896, 487]],

       [[899, 487]],

       [[900, 488]],

       [[901, 488]],

       [[902, 489]],

       [[903, 489]],

       [[905, 491]],

       [[904, 492]],

       [[905, 492]],

       [[906, 493]],

       [[909, 493]],

       [[910, 492]],

       [[912, 494]],

       [[913, 493]],

       [[914, 494]],

       [[914, 492]],

       [[915, 491]],

       [[916, 491]],

       [[917, 492]],

       [[917, 494]],

       [[919, 496]],

       [[920, 495]],

       [[921, 496]],

       [[922, 496]],

       [[924, 498]],

       [[925, 498]],

       [[926, 499]],

       [[926, 500]],

       [[927, 501]],

       [[928, 501]],

       [[929, 502]],

       [[929, 504]],

       [[930, 504]],

       [[931, 505]],

       [[932, 505]],

       [[933, 506]],

       [[933, 508]],

       [[934, 509]],

       [[934, 511]],

       [[935, 512]],

       [[935, 515]],

       [[937, 517]],

       [[938, 517]],

       [[940, 519]],

       [[945, 519]],

       [[946, 520]],

       [[943, 523]],

       [[943, 525]],

       [[944, 525]],

       [[945, 526]],

       [[943, 528]],

       [[942, 527]],

       [[942, 528]],

       [[940, 530]],

       [[939, 529]],

       [[938, 529]],

       [[937, 528]],

       [[937, 527]],

       [[936, 527]],

       [[932, 523]],

       [[932, 522]],

       [[931, 522]],

       [[930, 521]],

       [[929, 521]],

       [[928, 520]],

       [[928, 519]],

       [[927, 519]],

       [[924, 516]],

       [[924, 515]],

       [[921, 515]],

       [[920, 514]],

       [[920, 512]],

       [[921, 511]],

       [[920, 510]],

       [[920, 512]],

       [[919, 513]],

       [[916, 510]],

       [[915, 510]],

       [[914, 509]],

       [[913, 509]],

       [[912, 508]],

       [[912, 507]],

       [[911, 508]],

       [[910, 507]],

       [[908, 507]],

       [[907, 506]],

       [[906, 506]],

       [[905, 505]],

       [[905, 504]],

       [[904, 504]],

       [[903, 503]],

       [[901, 503]],

       [[900, 502]],

       [[899, 502]],

       [[898, 501]],

       [[897, 501]],

       [[896, 500]],

       [[896, 498]],

       [[895, 499]],

       [[894, 499]],

       [[891, 496]],

       [[891, 494]],

       [[892, 493]],

       [[894, 493]],

       [[894, 492]],

       [[893, 492]],

       [[892, 491]]], dtype=int32), array([[[816, 487]]], dtype=int32), array([[[639, 486]],

       [[638, 487]],

       [[639, 487]]], dtype=int32), array([[[642, 482]],

       [[640, 484]],

       [[642, 484]]], dtype=int32), array([[[894, 480]],

       [[895, 480]],

       [[896, 481]],

       [[905, 481]],

       [[906, 480]],

       [[908, 482]],

       [[908, 483]],

       [[909, 484]],

       [[911, 484]],

       [[912, 485]],

       [[912, 486]],

       [[911, 487]],

       [[910, 486]],

       [[909, 487]],

       [[907, 485]],

       [[906, 486]],

       [[906, 488]],

       [[905, 489]],

       [[904, 489]],

       [[903, 488]],

       [[900, 488]],

       [[899, 487]],

       [[897, 487]],

       [[895, 485]],

       [[896, 484]],

       [[895, 483]],

       [[893, 483]],

       [[892, 482]]], dtype=int32), array([[[640, 481]]], dtype=int32), array([[[892, 479]],

       [[893, 478]],

       [[894, 479]],

       [[893, 480]]], dtype=int32), array([[[884, 479]],

       [[885, 478]],

       [[886, 479]],

       [[885, 480]]], dtype=int32), array([[[879, 477]],

       [[880, 476]],

       [[881, 476]],

       [[887, 482]],

       [[887, 484]],

       [[888, 485]],

       [[888, 482]],

       [[889, 481]],

       [[890, 482]],

       [[892, 482]],

       [[893, 483]],

       [[894, 483]],

       [[895, 484]],

       [[895, 486]],

       [[894, 487]],

       [[892, 487]],

       [[891, 486]],

       [[890, 487]],

       [[890, 491]],

       [[891, 492]],

       [[890, 493]],

       [[886, 493]],

       [[884, 491]],

       [[883, 491]],

       [[882, 490]],

       [[881, 490]],

       [[880, 489]],

       [[880, 488]],

       [[881, 487]],

       [[882, 487]],

       [[882, 484]],

       [[881, 483]],

       [[881, 482]],

       [[880, 481]],

       [[880, 480]],

       [[881, 479]]], dtype=int32), array([[[900, 476]],

       [[901, 475]],

       [[902, 476]],

       [[901, 477]]], dtype=int32), array([[[822, 471]],

       [[823, 470]],

       [[824, 471]],

       [[823, 472]]], dtype=int32), array([[[756, 471]],

       [[757, 470]],

       [[758, 471]],

       [[757, 472]]], dtype=int32), array([[[879, 470]],

       [[880, 469]],

       [[883, 469]],

       [[884, 470]],

       [[884, 471]],

       [[885, 472]],

       [[883, 474]],

       [[883, 475]],

       [[882, 476]],

       [[881, 475]],

       [[881, 474]],

       [[880, 474]],

       [[879, 473]]], dtype=int32), array([[[671, 470]],

       [[672, 469]],

       [[673, 470]],

       [[672, 471]]], dtype=int32), array([[[823, 469]],

       [[824, 468]],

       [[825, 469]],

       [[825, 470]],

       [[824, 471]],

       [[823, 470]]], dtype=int32), array([[[896, 468]],

       [[897, 467]],

       [[898, 468]],

       [[897, 469]]], dtype=int32), array([[[503, 468]],

       [[504, 467]],

       [[505, 467]],

       [[506, 468]],

       [[505, 469]],

       [[504, 469]]], dtype=int32), array([[[636, 466]]], dtype=int32), array([[[878, 464]],

       [[879, 463]],

       [[880, 464]],

       [[880, 466]],

       [[879, 467]],

       [[878, 466]]], dtype=int32), array([[[663, 464]],

       [[664, 463]],

       [[665, 464]],

       [[664, 465]]], dtype=int32), array([[[657, 460]],

       [[658, 459]],

       [[659, 460]],

       [[658, 461]]], dtype=int32), array([[[638, 459]],

       [[638, 460]]], dtype=int32), array([[[676, 458]],

       [[677, 457]],

       [[679, 459]],

       [[679, 460]],

       [[680, 461]],

       [[680, 462]],

       [[679, 463]],

       [[677, 463]],

       [[677, 464]],

       [[676, 465]],

       [[674, 465]],

       [[673, 464]],

       [[673, 461]],

       [[672, 460]],

       [[672, 459]],

       [[673, 458]]], dtype=int32), array([[[875, 444]],

       [[876, 443]],

       [[877, 444]],

       [[877, 447]],

       [[878, 448]],

       [[878, 449]],

       [[879, 450]],

       [[879, 455]],

       [[881, 457]],

       [[881, 462]],

       [[880, 463]],

       [[878, 463]],

       [[877, 462]],

       [[877, 461]],

       [[878, 460]],

       [[877, 459]],

       [[877, 457]],

       [[876, 456]],

       [[876, 451]],

       [[875, 450]]], dtype=int32), array([[[778, 443]],

       [[778, 444]],

       [[779, 445]],

       [[785, 445]],

       [[783, 445]],

       [[782, 444]],

       [[783, 443]]], dtype=int32), array([[[683, 443]]], dtype=int32), array([[[776, 442]],

       [[776, 444]]], dtype=int32), array([[[797, 436]],

       [[798, 435]],

       [[799, 436]],

       [[798, 437]]], dtype=int32), array([[[787, 436]],

       [[787, 437]],

       [[788, 436]]], dtype=int32), array([[[783, 436]]], dtype=int32), array([[[739, 436]]], dtype=int32), array([[[736, 436]],

       [[735, 437]],

       [[736, 438]],

       [[731, 443]],

       [[730, 443]],

       [[729, 444]],

       [[729, 446]],

       [[728, 447]],

       [[727, 446]],

       [[727, 444]],

       [[726, 443]],

       [[724, 445]],

       [[722, 445]],

       [[724, 445]],

       [[725, 446]],

       [[726, 446]],

       [[728, 448]],

       [[729, 448]],

       [[730, 449]],

       [[730, 450]],

       [[732, 450]],

       [[733, 449]],

       [[734, 449]],

       [[735, 448]],

       [[736, 448]],

       [[739, 445]],

       [[740, 445]],

       [[742, 447]],

       [[744, 447]],

       [[745, 446]],

       [[746, 447]],

       [[747, 447]],

       [[748, 446]],

       [[749, 446]],

       [[750, 445]],

       [[749, 444]],

       [[749, 442]],

       [[745, 442]],

       [[744, 441]],

       [[743, 442]],

       [[742, 442]],

       [[741, 441]],

       [[741, 440]],

       [[739, 438]],

       [[738, 438]],

       [[737, 437]],

       [[737, 436]]], dtype=int32), array([[[877, 434]],

       [[878, 433]],

       [[879, 434]],

       [[878, 435]]], dtype=int32), array([[[680, 434]],

       [[679, 435]],

       [[666, 435]],

       [[664, 437]],

       [[663, 436]],

       [[662, 436]],

       [[662, 437]],

       [[663, 438]],

       [[664, 438]],

       [[665, 439]],

       [[666, 439]],

       [[667, 440]],

       [[682, 440]],

       [[683, 441]],

       [[684, 441]],

       [[686, 443]],

       [[687, 443]],

       [[688, 444]],

       [[689, 443]],

       [[693, 443]],

       [[694, 442]],

       [[697, 442]],

       [[698, 441]],

       [[699, 441]],

       [[700, 440]],

       [[702, 440]],

       [[705, 437]],

       [[701, 437]],

       [[700, 438]],

       [[698, 438]],

       [[697, 439]],

       [[696, 439]],

       [[695, 440]],

       [[689, 440]],

       [[688, 439]],

       [[686, 439]],

       [[685, 438]],

       [[685, 436]],

       [[684, 435]],

       [[684, 434]],

       [[682, 434]],

       [[681, 435]]], dtype=int32), array([[[687, 432]],

       [[686, 433]],

       [[689, 433]],

       [[688, 433]]], dtype=int32), array([[[802, 430]],

       [[801, 431]],

       [[799, 431]],

       [[798, 432]],

       [[796, 432]],

       [[797, 433]],

       [[795, 435]],

       [[794, 435]],

       [[794, 437]],

       [[795, 438]],

       [[795, 439]],

       [[796, 438]],

       [[797, 439]],

       [[798, 439]],

       [[798, 437]],

       [[799, 436]],

       [[804, 436]],

       [[805, 437]],

       [[806, 436]],

       [[807, 436]],

       [[807, 434]],

       [[805, 432]],

       [[805, 430]]], dtype=int32), array([[[786, 428]],

       [[787, 428]]], dtype=int32), array([[[647, 427]],

       [[647, 428]],

       [[646, 429]],

       [[645, 429]],

       [[644, 430]],

       [[641, 430]],

       [[641, 433]],

       [[644, 433]],

       [[645, 434]],

       [[645, 435]],

       [[644, 436]],

       [[644, 439]],

       [[646, 439]],

       [[647, 440]],

       [[647, 441]],

       [[648, 442]],

       [[648, 443]],

       [[647, 444]],

       [[647, 445]],

       [[645, 447]],

       [[644, 447]],

       [[644, 448]],

       [[645, 448]],

       [[646, 449]],

       [[646, 450]],

       [[648, 452]],

       [[649, 452]],

       [[650, 453]],

       [[650, 454]],

       [[651, 455]],

       [[652, 455]],

       [[653, 456]],

       [[653, 458]],

       [[654, 459]],

       [[654, 460]],

       [[655, 461]],

       [[660, 461]],

       [[661, 460]],

       [[663, 460]],

       [[664, 461]],

       [[664, 463]],

       [[663, 464]],

       [[664, 465]],

       [[667, 465]],

       [[668, 466]],

       [[668, 467]],

       [[669, 467]],

       [[671, 469]],

       [[670, 470]],

       [[670, 471]],

       [[671, 472]],

       [[671, 474]],

       [[672, 474]],

       [[673, 473]],

       [[674, 473]],

       [[675, 474]],

       [[677, 474]],

       [[678, 473]],

       [[679, 474]],

       [[680, 474]],

       [[681, 473]],

       [[682, 473]],

       [[683, 472]],

       [[682, 471]],

       [[684, 469]],

       [[685, 469]],

       [[686, 468]],

       [[685, 467]],

       [[685, 466]],

       [[687, 464]],

       [[687, 462]],

       [[686, 463]],

       [[685, 462]],

       [[685, 455]],

       [[686, 454]],

       [[687, 454]],

       [[687, 453]],

       [[689, 451]],

       [[689, 450]],

       [[688, 450]],

       [[687, 451]],

       [[686, 451]],

       [[685, 452]],

       [[684, 452]],

       [[683, 451]],

       [[682, 451]],

       [[681, 452]],

       [[676, 452]],

       [[675, 453]],

       [[672, 453]],

       [[671, 452]],

       [[670, 452]],

       [[669, 451]],

       [[669, 448]],

       [[667, 448]],

       [[666, 447]],

       [[665, 447]],

       [[663, 445]],

       [[663, 444]],

       [[661, 444]],

       [[659, 442]],

       [[659, 441]],

       [[657, 441]],

       [[656, 440]],

       [[656, 439]],

       [[655, 439]],

       [[653, 437]],

       [[654, 436]],

       [[657, 436]],

       [[658, 435]],

       [[659, 436]],

       [[659, 435]],

       [[658, 435]],

       [[657, 434]],

       [[657, 431]],

       [[656, 431]],

       [[655, 430]],

       [[653, 430]],

       [[652, 431]],

       [[650, 431]],

       [[648, 429]],

       [[648, 428]]], dtype=int32), array([[[872, 426]],

       [[873, 425]],

       [[874, 425]],

       [[875, 426]],

       [[875, 427]],

       [[876, 428]],

       [[874, 430]],

       [[872, 428]],

       [[873, 427]]], dtype=int32), array([[[628, 426]],

       [[628, 428]],

       [[629, 429]],

       [[630, 428]],

       [[631, 428]],

       [[630, 428]]], dtype=int32), array([[[641, 425]],

       [[641, 427]],

       [[642, 427]],

       [[642, 426]]], dtype=int32), array([[[647, 423]],

       [[648, 424]],

       [[649, 424]],

       [[650, 425]],

       [[652, 425]],

       [[653, 426]],

       [[654, 425]],

       [[653, 425]],

       [[652, 424]],

       [[653, 423]],

       [[651, 423]],

       [[650, 424]],

       [[649, 424]],

       [[648, 423]]], dtype=int32), array([[[792, 422]],

       [[793, 421]],

       [[794, 422]],

       [[794, 423]],

       [[793, 424]],

       [[792, 423]]], dtype=int32), array([[[825, 421]]], dtype=int32), array([[[643, 420]],

       [[643, 421]]], dtype=int32), array([[[752, 416]],

       [[753, 417]],

       [[753, 419]],

       [[754, 419]],

       [[755, 420]],

       [[755, 421]],

       [[756, 422]],

       [[757, 422]],

       [[758, 423]],

       [[755, 420]],

       [[755, 419]]], dtype=int32), array([[[751, 413]],

       [[752, 414]]], dtype=int32), array([[[732, 408]],

       [[733, 407]],

       [[734, 407]],

       [[735, 408]],

       [[734, 409]],

       [[733, 409]]], dtype=int32), array([[[747, 405]],

       [[747, 407]],

       [[748, 407]],

       [[749, 406]],

       [[750, 406]],

       [[750, 405]],

       [[749, 405]],

       [[748, 406]]], dtype=int32), array([[[1195,  403]],

       [[1196,  402]],

       [[1197,  402]],

       [[1198,  403]],

       [[1197,  404]],

       [[1196,  404]]], dtype=int32), array([[[812, 403]],

       [[809, 406]],

       [[809, 407]],

       [[808, 408]],

       [[804, 408]],

       [[805, 409]],

       [[805, 410]],

       [[803, 412]],

       [[800, 412]],

       [[799, 411]],

       [[799, 410]],

       [[798, 411]],

       [[799, 412]],

       [[797, 414]],

       [[795, 414]],

       [[795, 417]],

       [[793, 419]],

       [[793, 421]],

       [[792, 422]],

       [[790, 422]],

       [[789, 421]],

       [[789, 422]],

       [[790, 423]],

       [[790, 424]],

       [[791, 425]],

       [[791, 426]],

       [[797, 426]],

       [[796, 425]],

       [[796, 423]],

       [[798, 421]],

       [[797, 420]],

       [[799, 418]],

       [[800, 419]],

       [[800, 420]],

       [[801, 420]],

       [[802, 421]],

       [[804, 421]],

       [[805, 420]],

       [[806, 421]],

       [[807, 421]],

       [[808, 422]],

       [[808, 423]],

       [[809, 422]],

       [[811, 422]],

       [[812, 423]],

       [[815, 423]],

       [[816, 424]],

       [[817, 424]],

       [[817, 423]],

       [[820, 420]],

       [[823, 420]],

       [[824, 419]],

       [[825, 419]],

       [[825, 418]],

       [[824, 418]],

       [[823, 417]],

       [[823, 416]],

       [[822, 416]],

       [[822, 417]],

       [[821, 418]],

       [[820, 418]],

       [[818, 416]],

       [[818, 413]],

       [[817, 412]],

       [[817, 408]],

       [[816, 407]],

       [[816, 405]],

       [[817, 404]],

       [[816, 403]]], dtype=int32), array([[[736, 399]]], dtype=int32), array([[[677, 399]]], dtype=int32), array([[[745, 398]],

       [[745, 402]]], dtype=int32), array([[[728, 398]],

       [[727, 399]],

       [[726, 399]],

       [[727, 400]],

       [[727, 401]],

       [[725, 403]],

       [[727, 405]],

       [[727, 407]],

       [[726, 408]],

       [[726, 412]],

       [[725, 413]],

       [[724, 412]],

       [[724, 413]],

       [[723, 414]],

       [[724, 413]],

       [[725, 413]],

       [[726, 412]],

       [[727, 412]],

       [[729, 410]],

       [[730, 410]],

       [[731, 411]],

       [[732, 411]],

       [[734, 413]],

       [[735, 413]],

       [[735, 412]],

       [[736, 411]],

       [[737, 411]],

       [[738, 412]],

       [[737, 413]],

       [[738, 414]],

       [[741, 414]],

       [[741, 412]],

       [[740, 411]],

       [[740, 407]],

       [[737, 404]],

       [[737, 403]],

       [[733, 399]],

       [[732, 399]],

       [[731, 398]]], dtype=int32), array([[[1183,  396]],

       [[1184,  395]],

       [[1185,  396]],

       [[1184,  397]]], dtype=int32), array([[[823, 390]]], dtype=int32), array([[[642, 390]],

       [[642, 391]],

       [[641, 392]],

       [[640, 392]],

       [[641, 392]],

       [[642, 391]]], dtype=int32), array([[[644, 388]],

       [[645, 388]]], dtype=int32), array([[[818, 387]],

       [[818, 389]],

       [[819, 390]],

       [[819, 389]],

       [[818, 388]]], dtype=int32), array([[[1228,  386]]], dtype=int32), array([[[794, 384]],

       [[795, 385]],

       [[795, 384]]], dtype=int32), array([[[649, 383]],

       [[650, 383]]], dtype=int32), array([[[635, 383]],

       [[635, 384]]], dtype=int32), array([[[791, 382]],

       [[790, 383]],

       [[790, 384]],

       [[791, 384]],

       [[792, 383]]], dtype=int32), array([[[786, 382]]], dtype=int32), array([[[783, 382]]], dtype=int32), array([[[791, 380]],

       [[798, 380]]], dtype=int32), array([[[740, 375]]], dtype=int32), array([[[652, 375]],

       [[653, 374]],

       [[654, 375]],

       [[653, 376]]], dtype=int32), array([[[643, 368]],

       [[644, 367]],

       [[645, 368]],

       [[644, 369]]], dtype=int32), array([[[1251,  367]],

       [[1251,  371]]], dtype=int32), array([[[644, 366]],

       [[645, 365]],

       [[646, 366]],

       [[645, 367]]], dtype=int32), array([[[1250,  364]],

       [[1250,  365]],

       [[1251,  365]],

       [[1251,  364]]], dtype=int32), array([[[1249,  361]],

       [[1250,  361]]], dtype=int32), array([[[660, 360]],

       [[661, 359]],

       [[662, 360]],

       [[661, 361]]], dtype=int32), array([[[1249,  356]]], dtype=int32), array([[[1249,  353]]], dtype=int32), array([[[1249,  351]]], dtype=int32), array([[[1247,  351]]], dtype=int32), array([[[796, 344]],

       [[797, 343]],

       [[798, 343]],

       [[799, 344]],

       [[798, 345]],

       [[797, 345]]], dtype=int32), array([[[1243,  321]],

       [[1244,  320]],

       [[1245,  320]],

       [[1246,  321]],

       [[1246,  322]],

       [[1245,  323]]], dtype=int32), array([[[800, 311]]], dtype=int32), array([[[786, 309]],

       [[787, 308]],

       [[789, 308]],

       [[790, 309]],

       [[790, 310]],

       [[791, 311]],

       [[790, 312]],

       [[788, 312]],

       [[787, 311]],

       [[787, 310]]], dtype=int32), array([[[790, 301]],

       [[791, 300]],

       [[792, 301]],

       [[791, 302]]], dtype=int32), array([[[781, 289]]], dtype=int32), array([[[764, 286]],

       [[765, 287]],

       [[766, 287]],

       [[767, 286]],

       [[768, 287]],

       [[768, 288]],

       [[767, 289]],

       [[763, 289]],

       [[762, 288]]], dtype=int32), array([[[757, 285]],

       [[758, 285]]], dtype=int32), array([[[743, 285]],

       [[741, 287]],

       [[741, 288]],

       [[740, 289]],

       [[740, 290]],

       [[739, 291]],

       [[735, 291]],

       [[734, 292]],

       [[730, 292]],

       [[729, 293]],

       [[728, 293]],

       [[727, 292]],

       [[726, 292]],

       [[725, 293]],

       [[722, 293]],

       [[722, 294]],

       [[721, 295]],

       [[719, 295]],

       [[718, 296]],

       [[717, 296]],

       [[716, 297]],

       [[715, 297]],

       [[712, 300]],

       [[710, 300]],

       [[709, 301]],

       [[705, 301]],

       [[704, 302]],

       [[703, 301]],

       [[702, 302]],

       [[696, 302]],

       [[694, 300]],

       [[693, 300]],

       [[692, 299]],

       [[692, 298]],

       [[691, 297]],

       [[689, 297]],

       [[689, 298]],

       [[687, 300]],

       [[685, 300]],

       [[684, 299]],

       [[683, 300]],

       [[682, 300]],

       [[681, 299]],

       [[679, 299]],

       [[678, 298]],

       [[677, 298]],

       [[676, 297]],

       [[675, 297]],

       [[673, 299]],

       [[664, 299]],

       [[662, 297]],

       [[659, 297]],

       [[658, 298]],

       [[656, 298]],

       [[655, 299]],

       [[654, 299]],

       [[654, 301]],

       [[653, 302]],

       [[652, 302]],

       [[651, 303]],

       [[650, 303]],

       [[648, 305]],

       [[648, 306]],

       [[647, 307]],

       [[647, 308]],

       [[645, 310]],

       [[644, 310]],

       [[644, 312]],

       [[642, 314]],

       [[642, 317]],

       [[639, 320]],

       [[639, 322]],

       [[638, 323]],

       [[638, 324]],

       [[637, 325]],

       [[637, 329]],

       [[636, 330]],

       [[636, 331]],

       [[635, 332]],

       [[636, 333]],

       [[636, 335]],

       [[637, 336]],

       [[637, 337]],

       [[635, 339]],

       [[634, 338]],

       [[634, 339]],

       [[633, 340]],

       [[633, 341]],

       [[634, 341]],

       [[634, 340]],

       [[635, 339]],

       [[636, 340]],

       [[637, 340]],

       [[638, 341]],

       [[638, 346]],

       [[637, 347]],

       [[635, 347]],

       [[636, 348]],

       [[636, 350]],

       [[635, 351]],

       [[636, 352]],

       [[636, 355]],

       [[637, 356]],

       [[636, 357]],

       [[636, 358]],

       [[637, 359]],

       [[637, 361]],

       [[637, 359]],

       [[638, 358]],

       [[637, 357]],

       [[638, 356]],

       [[637, 355]],

       [[639, 353]],

       [[641, 353]],

       [[642, 354]],

       [[642, 355]],

       [[641, 356]],

       [[642, 357]],

       [[641, 358]],

       [[641, 360]],

       [[643, 362]],

       [[642, 363]],

       [[642, 366]],

       [[642, 363]],

       [[643, 362]],

       [[645, 364]],

       [[645, 365]],

       [[644, 366]],

       [[644, 367]],

       [[643, 368]],

       [[643, 370]],

       [[642, 371]],

       [[642, 372]],

       [[643, 373]],

       [[644, 373]],

       [[644, 369]],

       [[645, 368]],

       [[646, 369]],

       [[646, 374]],

       [[644, 376]],

       [[647, 376]],

       [[648, 375]],

       [[647, 374]],

       [[647, 373]],

       [[648, 372]],

       [[649, 372]],

       [[651, 374]],

       [[651, 377]],

       [[650, 378]],

       [[650, 379]],

       [[651, 379]],

       [[652, 380]],

       [[651, 381]],

       [[653, 381]],

       [[658, 376]],

       [[659, 376]],

       [[661, 374]],

       [[675, 374]],

       [[676, 375]],

       [[677, 375]],

       [[677, 374]],

       [[678, 373]],

       [[679, 373]],

       [[680, 374]],

       [[681, 374]],

       [[681, 373]],

       [[682, 372]],

       [[683, 372]],

       [[684, 373]],

       [[684, 374]],

       [[686, 374]],

       [[687, 375]],

       [[689, 375]],

       [[691, 373]],

       [[692, 374]],

       [[692, 375]],

       [[694, 375]],

       [[695, 374]],

       [[696, 374]],

       [[697, 375]],

       [[699, 375]],

       [[700, 374]],

       [[701, 374]],

       [[702, 375]],

       [[705, 375]],

       [[706, 374]],

       [[710, 378]],

       [[711, 378]],

       [[712, 379]],

       [[714, 379]],

       [[716, 381]],

       [[716, 382]],

       [[717, 382]],

       [[720, 385]],

       [[722, 385]],

       [[724, 383]],

       [[725, 384]],

       [[725, 385]],

       [[723, 387]],

       [[724, 387]],

       [[725, 386]],

       [[730, 386]],

       [[728, 386]],

       [[727, 385]],

       [[727, 383]],

       [[728, 382]],

       [[729, 382]],

       [[729, 380]],

       [[730, 379]],

       [[730, 378]],

       [[731, 377]],

       [[733, 377]],

       [[734, 378]],

       [[734, 379]],

       [[737, 376]],

       [[736, 375]],

       [[739, 372]],

       [[740, 373]],

       [[742, 373]],

       [[744, 371]],

       [[745, 371]],

       [[746, 370]],

       [[748, 370]],

       [[749, 369]],

       [[750, 369]],

       [[751, 368]],

       [[752, 368]],

       [[753, 367]],

       [[757, 367]],

       [[760, 364]],

       [[762, 364]],

       [[763, 365]],

       [[763, 364]],

       [[764, 363]],

       [[767, 363]],

       [[768, 362]],

       [[769, 363]],

       [[770, 363]],

       [[771, 362]],

       [[773, 362]],

       [[774, 361]],

       [[775, 361]],

       [[776, 362]],

       [[778, 360]],

       [[780, 360]],

       [[781, 359]],

       [[783, 359]],

       [[784, 360]],

       [[786, 360]],

       [[788, 358]],

       [[790, 358]],

       [[791, 359]],

       [[793, 359]],

       [[794, 360]],

       [[795, 360]],

       [[796, 361]],

       [[797, 361]],

       [[800, 364]],

       [[803, 364]],

       [[804, 363]],

       [[804, 361]],

       [[803, 360]],

       [[803, 356]],

       [[802, 357]],

       [[800, 355]],

       [[801, 354]],

       [[801, 349]],

       [[800, 348]],

       [[800, 347]],

       [[799, 346]],

       [[800, 345]],

       [[800, 344]],

       [[801, 343]],

       [[803, 343]],

       [[803, 341]],

       [[797, 341]],

       [[796, 340]],

       [[797, 339]],

       [[797, 336]],

       [[798, 335]],

       [[799, 335]],

       [[799, 334]],

       [[801, 332]],

       [[801, 328]],

       [[800, 328]],

       [[798, 326]],

       [[798, 325]],

       [[794, 321]],

       [[794, 320]],

       [[795, 319]],

       [[795, 315]],

       [[789, 315]],

       [[788, 314]],

       [[789, 313]],

       [[791, 313]],

       [[792, 312]],

       [[793, 312]],

       [[793, 309]],

       [[794, 308]],

       [[795, 309]],

       [[795, 312]],

       [[796, 313]],

       [[797, 313]],

       [[797, 312]],

       [[798, 311]],

       [[796, 311]],

       [[795, 310]],

       [[795, 307]],

       [[794, 308]],

       [[792, 306]],

       [[792, 301]],

       [[791, 300]],

       [[787, 300]],

       [[786, 301]],

       [[782, 297]],

       [[782, 296]],

       [[783, 295]],

       [[783, 294]],

       [[782, 293]],

       [[777, 293]],

       [[776, 294]],

       [[774, 294]],

       [[773, 293]],

       [[775, 291]],

       [[776, 291]],

       [[776, 290]],

       [[775, 289]],

       [[775, 287]],

       [[773, 287]],

       [[774, 287]],

       [[775, 288]],

       [[775, 289]],

       [[774, 290]],

       [[773, 290]],

       [[772, 289]],

       [[771, 289]],

       [[769, 287]],

       [[768, 287]],

       [[767, 286]],

       [[764, 286]],

       [[763, 285]],

       [[760, 285]],

       [[761, 286]],

       [[760, 287]],

       [[759, 287]],

       [[760, 288]],

       [[762, 288]],

       [[763, 289]],

       [[761, 291]],

       [[760, 290]],

       [[759, 291]],

       [[756, 291]],

       [[755, 290]],

       [[755, 288]],

       [[754, 287]],

       [[751, 287]],

       [[750, 288]],

       [[748, 288]],

       [[747, 287]],

       [[747, 286]],

       [[748, 285]]], dtype=int32), array([[[1186,  220]],

       [[1186,  223]]], dtype=int32), array([[[1189,  216]]], dtype=int32), array([[[1180,  208]],

       [[1181,  207]],

       [[1182,  207]],

       [[1183,  208]],

       [[1182,  209]],

       [[1181,  209]]], dtype=int32), array([[[1183,  201]],

       [[1184,  200]],

       [[1185,  201]],

       [[1184,  202]]], dtype=int32), array([[[1205,  199]],

       [[1206,  198]],

       [[1207,  199]],

       [[1206,  200]]], dtype=int32), array([[[1179,  199]],

       [[1180,  198]],

       [[1181,  199]],

       [[1180,  200]]], dtype=int32), array([[[1177,  199]],

       [[1178,  198]],

       [[1179,  199]],

       [[1178,  200]]], dtype=int32), array([[[1221,  197]],

       [[1222,  198]],

       [[1222,  197]]], dtype=int32), array([[[1195,  196]],

       [[1196,  195]],

       [[1197,  196]],

       [[1197,  197]],

       [[1196,  198]],

       [[1195,  197]]], dtype=int32), array([[[1223,  194]],

       [[1223,  195]],

       [[1224,  195]],

       [[1224,  194]]], dtype=int32), array([[[1206,  193]],

       [[1207,  192]],

       [[1209,  194]],

       [[1205,  198]],

       [[1203,  196]],

       [[1204,  195]],

       [[1204,  194]],

       [[1205,  193]]], dtype=int32), array([[[1228,  192]],

       [[1229,  191]],

       [[1230,  192]],

       [[1230,  193]],

       [[1229,  194]],

       [[1228,  193]]], dtype=int32), array([[[1192,  190]],

       [[1193,  189]],

       [[1194,  190]],

       [[1194,  191]],

       [[1195,  192]],

       [[1193,  194]],

       [[1192,  193]]], dtype=int32), array([[[1202,  189]],

       [[1203,  188]],

       [[1204,  188]],

       [[1205,  189]],

       [[1205,  190]],

       [[1204,  191]]], dtype=int32), array([[[1212,  188]],

       [[1213,  187]],

       [[1214,  188]],

       [[1213,  189]]], dtype=int32), array([[[1198,  188]],

       [[1199,  187]],

       [[1200,  188]],

       [[1200,  189]],

       [[1198,  191]],

       [[1197,  191]],

       [[1196,  192]],

       [[1195,  191]],

       [[1195,  189]],

       [[1196,  188]]], dtype=int32), array([[[1197,  186]],

       [[1198,  185]],

       [[1199,  186]],

       [[1199,  187]],

       [[1198,  188]],

       [[1197,  187]]], dtype=int32), array([[[1230,  161]],

       [[1232,  161]],

       [[1233,  162]],

       [[1233,  164]],

       [[1234,  165]],

       [[1233,  166]],

       [[1233,  167]],

       [[1232,  168]],

       [[1232,  169]],

       [[1233,  170]],

       [[1231,  172]],

       [[1230,  172]],

       [[1229,  171]],

       [[1229,  170]],

       [[1227,  168]],

       [[1227,  164]]], dtype=int32), array([[[1238,  149]],

       [[1239,  148]],

       [[1240,  149]],

       [[1240,  150]],

       [[1239,  151]],

       [[1238,  150]]], dtype=int32), array([[[1266,  127]],

       [[1267,  126]],

       [[1268,  127]],

       [[1267,  128]]], dtype=int32), array([[[1277,   40]],

       [[1278,   39]],

       [[1279,   40]],

       [[1278,   41]]], dtype=int32), array([[[1213,   39]],

       [[1214,   38]],

       [[1215,   39]],

       [[1214,   40]]], dtype=int32), array([[[1237,   25]],

       [[1238,   24]],

       [[1239,   25]],

       [[1238,   26]]], dtype=int32), array([[[1259,   24]],

       [[1260,   23]],

       [[1261,   24]],

       [[1260,   25]]], dtype=int32), array([[[1253,   17]],

       [[1254,   16]],

       [[1255,   16]],

       [[1256,   17]],

       [[1255,   18]],

       [[1254,   18]]], dtype=int32), array([[[   0,    0]],

       [[   0,  719]],

       [[ 316,  719]],

       ...,

       [[1278,  124]],

       [[1279,  123]],

       [[1279,    0]]], dtype=int32)], array([[[  1,  -1,  -1,  -1],
        [  2,   0,  -1,  -1],
        [  3,   1,  -1,  -1],
        ...,
        [310, 308,  -1,  -1],
        [311, 309,  -1,  -1],
        [ -1, 310,  -1,  -1]]], dtype=int32))
